3.512193202972412109e+00 1.872607707977294922e+00
5.818776130676269531e+00 1.771513462066650391e+00
8.616569519042968750e+00 1.714241504669189453e+00
1.146089363098144531e+01 1.634428977966308594e+00
1.304825782775878906e+01 1.919345378875732422e+00
1.323990249633789062e+01 3.509107589721679688e+00
1.318783473968505859e+01 5.520439624786376953e+00
1.331220817565917969e+01 8.635618209838867188e+00
1.321280002593994141e+01 1.059657478332519531e+01
1.313165473937988281e+01 1.289388465881347656e+01
1.170190048217773438e+01 1.339173698425292969e+01
9.713720321655273438e+00 1.329104995727539062e+01
7.193109989166259766e+00 1.323760414123535156e+01
5.188896656036376953e+00 1.340114593505859375e+01
3.434592247009277344e+00 1.335339069366455078e+01
2.882600784301757812e+00 1.337297248840332031e+01
1.517432689666748047e+00 1.299216461181640625e+01
1.480746746063232422e+00 1.129635810852050781e+01
1.695501804351806641e+00 1.009675502777099609e+01
1.555393695831298828e+00 8.290235519409179688e+00
1.690555572509765625e+00 7.144960403442382812e+00
1.800657272338867188e+00 4.901359081268310547e+00
1.828437805175781250e+00 2.679255247116088867e+00
2.087562084197998047e+00 2.022550106048583984e+00
3.512193202972412109e+00 1.872607707977294922e+00