-1.996037364006042480e+00 -9.474844336509704590e-01
-1.979704141616821289e+00 -8.140698820352554321e-02
-1.976228594779968262e+00 7.975713610649108887e-01
-1.621022105216979980e+00 1.276683568954467773e+00
-1.125384926795959473e+00 1.722753524780273438e+00
-6.214872002601623535e-01 1.747534871101379395e+00
-3.654080927371978760e-01 1.094951152801513672e+00
-3.241049945354461670e-01 2.936773598194122314e-01
-4.067112505435943604e-01 -6.232441067695617676e-01
-5.306206345558166504e-01 -1.622771263122558594e+00
-1.017997264862060547e+00 -1.705376744270324707e+00
-1.488852381706237793e+00 -1.606249809265136719e+00
-1.777974128723144531e+00 -1.292348980903625488e+00
-2.017532110214233398e+00 -9.701874256134033203e-01
